470.117 
476.829 
475.466 
478.910 
474.824 
473.892 
358.975 
342.820 
345.477 
332.126 
320.751 
316.429 
437.235 
431.173 
436.966 
426.424 
428.509 
425.176 
927.333 
921.998 
932.575 
933.245 
942.544 
941.006 
703.861 
690.837 
672.305 
697.453 
648.425 
645.635 
67.792 
86.346 
93.489 
94.778 
98.812 
86.549 
44.870 
65.343 
75.606 
76.481 
77.038 
57.277 
60.495 
78.230 
88.166 
88.780 
92.467 
63.264 
66.396 
84.011 
91.247 
88.021 
78.955 
43.740 
46.186 
63.337 
73.630 
69.952 
59.684 
41.994 
46.956 
62.252 
71.612 
64.856 
36.679 
40.051 
47.869 
62.316 
71.449 
65.608 
36.596 
40.097 