14.289 
19.054 
64.923 
52.992 
68.576 
86.875 
96.240 
121.009 
89.943 
132.201 
162.271 
91.310 
162.318 
195.715 
90.691 
187.998 
221.569 
90.770 
14.120 
18.788 
64.479 
52.300 
67.716 
88.057 
94.893 
119.755 
91.503 
130.130 
160.924 
92.591 
160.604 
195.142 
92.890 
181.901 
215.928 
92.673 
13.985 
18.597 
57.734 
51.358 
66.595 
84.287 
93.092 
117.035 
89.356 
127.087 
156.846 
91.733 
156.549 
188.985 
90.857 
181.295 
215.513 
85.250 
14.291 
19.036 
78.964 
53.009 
68.834 
106.627 
96.463 
121.916 
69.366 
132.825 
163.947 
70.827 
163.563 
198.071 
44.248 
191.025 
227.261 
91.337 
14.102 
18.791 
76.548 
52.387 
68.265 
106.880 
95.474 
121.160 
69.603 
131.925 
163.474 
71.694 
162.494 
198.397 
43.878 
188.107 
224.319 
92.767 
13.974 
18.540 
67.711 
51.690 
67.115 
87.183 
94.220 
119.243 
60.433 
129.841 
160.864 
61.687 
160.675 
194.657 
18.386 
186.172 
223.165 
84.756 
14.298 
19.032 
65.748 
52.906 
68.556 
88.687 
96.025 
120.831 
92.163 
132.142 
161.558 
93.277 
163.176 
192.806 
91.835 
184.230 
209.280 
89.805 
14.097 
18.756 
64.395 
52.164 
67.744 
88.649 
94.835 
119.459 
92.945 
130.805 
160.308 
93.363 
158.619 
187.443 
93.532 
176.170 
202.293 
91.945 
13.962 
18.529 
59.587 
51.276 
66.343 
84.615 
93.067 
116.713 
91.749 
128.242 
155.926 
90.913 
156.790 
186.756 
85.719 
165.001 
185.811 
87.094 
14.286 
19.000 
62.121 
52.719 
67.874 
81.433 
94.947 
117.629 
83.721 
126.536 
148.199 
82.388 
143.679 
161.972 
81.045 
144.862 
155.454 
74.186 
14.083 
18.665 
61.537 
51.632 
66.333 
81.487 
92.060 
114.498 
84.528 
117.323 
138.851 
83.727 
132.614 
151.863 
81.795 
134.080 
149.130 
77.175 
13.890 
18.367 
55.567 
50.298 
64.531 
79.765 
87.825 
108.985 
81.071 
106.659 
125.494 
74.899 
127.851 
148.987 
76.094 
107.764 
121.368 
56.540 
14.288 
19.012 
62.122 
52.708 
67.964 
81.406 
94.929 
117.602 
83.739 
126.405 
149.001 
81.716 
143.604 
161.643 
80.539 
145.305 
153.551 
73.620 
14.063 
18.680 
61.684 
51.563 
66.487 
81.404 
92.338 
114.382 
84.368 
116.953 
138.910 
83.637 
132.395 
152.286 
81.814 
133.128 
148.314 
76.987 
13.876 
18.310 
56.117 
50.371 
64.637 
77.712 
88.101 
109.031 
80.266 
106.529 
125.182 
74.978 
128.244 
149.434 
76.035 
108.185 
121.232 
57.403 