870.816 
511.808 
511.607 
2457.129 
892.393 
511.528 
511.541 
2450.534 
891.278 
591.444 
591.233 
3269.222 
223.273 
129.092 
129.086 
467.568 
223.324 
129.168 
129.177 
467.492 
447.048 
258.118 
258.117 
1179.474 
889.013 
618.242 
618.537 
1683.651 
888.327 
618.158 
618.221 
1683.548 
744.879 
492.602 
492.689 
2456.822 
744.512 
493.033 
492.929 
2449.295 
743.114 
566.891 
566.607 
3271.598 
186.306 
124.353 
124.363 
467.645 
186.324 
124.391 
124.379 
467.744 
372.525 
248.614 
248.524 
1179.034 
743.130 
595.127 
595.323 
1682.790 
743.296 
595.358 
595.516 
1684.306 
892.310 
805.517 
707.058 
743.922 
887.274 
804.456 
705.895 
739.946 
887.062 
974.419 
840.389 
739.306 
222.638 
208.023 
184.885 
185.502 
222.537 
207.953 
184.939 
185.473 
442.517 
415.157 
369.349 
369.272 
891.617 
1040.570 
912.231 
743.988 
891.746 
1040.170 
912.599 
744.085 
